1023704192500817925 1532905073
1023687668201410565 1532901133
1023687342324961283 1532901056
1023701346967580675 1532904395
1023710681936408577 1532906620
1023690099123478528 1532901713
1023697300026269696 1532903430
1023698819836461057 1532903792
1023738012188987392 1532913136
1023702050494992384 1532904562
1023703464201871360 1532904900
1023691426784313344 1532902030
1023686488951799809 1532900852
1023711589248196608 1532906837
1023723893821988865 1532909770
1023679644351037440 1532899220
1023699201262280705 1532903883
1023726196109074432 1532910319
1023687506859044866 1532901095
1023758267951075328 1532917966
