1023751993658097664 1532916470
1023751813693091840 1532916427
1023740270154801152 1532913675
1023712620510175232 1532907083
1023706427439947776 1532905606
1023705767994642433 1532905449
1023697404053348352 1532903455
1023685969143320577 1532900728
1023685845411397633 1532900699
1023661910397513728 1532894992
1023642712719994885 1532890415
1023638438019522561 1532889396
1023608845703229441 1532882341
1023605885694889989 1532881635
1023601221008089098 1532880523
1023587853832544257 1532877336
1023578654306127872 1532875143
1023547932329553921 1532867818
1023543033181229056 1532866650
1023521151472099329 1532861433
1023759505845313536 1532918261
1023745274840117248 1532914868
1023738307732168704 1532913207
1023735089245642753 1532912440
1023725029895426048 1532910041
1023722067592728586 1532909335
1023716736149999616 1532908064
1023698319493738497 1532903673
1023695015166533634 1532902885
1023679919958753281 1532899286
1023615667784830977 1532883967
1023609860875841536 1532882583
1023599712807669760 1532880163
1023596849230434305 1532879481
1023591426427441154 1532878188
1023555652399116289 1532869658
1023554501171703808 1532869384
1023551502529581056 1532868669
1023467924152111104 1532848742
1023423940264382464 1532838256
1023750206142271488 1532916044
1023744066201112576 1532914580
1023743942343499776 1532914550
1023720693924614146 1532909007
1023710888954683392 1532906670
1023701173856075776 1532904353
1023699112309534720 1532903862
1023687161529421824 1532901013
1023662844565442560 1532895215
1023646489220980736 1532891316
1023632952251613185 1532888088
1023627048009588738 1532886680
1023623440287375363 1532885820
1023592777236602880 1532878510
1023578437469052928 1532875091
1023566058828050432 1532872140
1023538354019880960 1532865534
1023537108370305029 1532865237
1023738871618654208 1532913341
1023738095643049985 1532913156
1023731713091010560 1532911635
1023727714765873152 1532910681
1023721616889585665 1532909227
1023711400139665413 1532906792
1023618175156539392 1532884565
1023607668412489736 1532882060
1023591667532750848 1532878245
1023547167573770240 1532867635
1023546364213559296 1532867444
1023537769103220736 1532865395
1023527605184675840 1532862971
1023430222207696896 1532839754
1023421936259526658 1532837778
1023403397335187457 1532833358
1023721165150474240 1532909120
1023711762036793344 1532906878
1023705824487763968 1532905462
1023701960774639616 1532904541
1023696199180869632 1532903167
1023650412371607552 1532892251
1023645095751548929 1532890983
1023599106697166849 1532880019
1023592230311915520 1532878379
1023582643139559424 1532876094
1023580366567821313 1532875551
1023577111028752384 1532874775
1023464045704298497 1532847818
1023459967314145280 1532846845
1023446177033977857 1532843557
1023431693846409217 1532840104
1023677922031357952 1532898810
1023657219437539330 1532893874
1023652878978822144 1532892839
1023629974656507905 1532887378
1023620505377628161 1532885121
1023603079416086528 1532880966
1023584874668716033 1532876626
1023577707827867649 1532874917
1023572856687472640 1532873760
1023565366432358400 1532871974
1023559867808796673 1532870663
1023546845023424512 1532867559
1023541528512417792 1532866291
1023534447088558080 1532864603
1023530726388629504 1532863716
1023512638284812289 1532859403
1023448835878789121 1532844191
1023413110311477248 1532835674
1023615974807949312 1532884040
1023613231749914624 1532883386
1023609963002900482 1532882607
1023608745509761031 1532882317
1023607873975267331 1532882109
1023593469330239488 1532878675
1023578694093352960 1532875152
1023577160190251008 1532874786
1023572399260950529 1532873651
1023569411595280389 1532872939
1023563951991398400 1532871637
1023561362214203392 1532871020
1023544612269576192 1532867026
1023518582343389185 1532860820
1023480807577595904 1532851814
1023469406633033729 1532849096
1023462121764519937 1532847359
1023446616219561984 1532843662
1023445985756897281 1532843512
1023445067778994177 1532843293
1023587526387355648 1532877258
1023573780990443521 1532873981
1023568619203121152 1532872750
1023563085838204928 1532871431
1023555507552956417 1532869624
1023555173204086784 1532869544
1023550635285905408 1532868462
1023547465113460736 1532867706
1023543672632233984 1532866802
1023542151412690945 1532866440
1023541652118495232 1532866321
1023538998915084289 1532865688
1023531102252806144 1532863805
1023450388677189632 1532844562
1023430739235414016 1532839877
1023418263441694725 1532836902
1023417359363702784 1532836687
1023417193407623168 1532836647
1023413796356988935 1532835837
1023412640230592512 1532835562
1023547492569440256 1532867713
1023545157097058304 1532867156
1023531969966219264 1532864012
1023525609723572224 1532862496
1023525385877770240 1532862442
1023511036731637760 1532859021
1023506808147795968 1532858013
1023463829773201409 1532847766
1023461564496719872 1532847226
1023459245600268289 1532846673
1023450700272074752 1532844636
1023447412990459904 1532843852
1023446437642817537 1532843620
1023442708667482113 1532842731
1023430664429940737 1532839859
1023429222977740801 1532839515
1023425352335548416 1532838592
1023415523302944768 1532836249
1023409552249769984 1532834825
1024126548079771649 1533005771
1024124716582350848 1533005334
1024124713520586752 1533005333
1024124565616828424 1533005298
1024124243079061504 1533005221
1024124050094866437 1533005175
1024123386446925824 1533005017
1024122500714848256 1533004806
1024119439183081472 1533004076
1024118491182505984 1533003850
1024114138010845185 1533002812
1024113607951482880 1533002685
1024113316287930368 1533002616
1024101539709943808 1532999808
1024038619475001344 1532984807
1023994678012731392 1532974330
1023991124313235457 1532973483
1023976773715931136 1532970062
1023961241625264128 1532966358
1023951097197744128 1532963940
