1023762016438239233 1532918859
1023720038673645570 1532908851
1023717759358787585 1532908308
1023702628918853632 1532904700
1023674527308374017 1532898000
1023669037677666306 1532896692
1023654646248820736 1532893260
1023642924955959296 1532890466
1023616503067955200 1532884166
1023581411154919429 1532875800
1023579567515230209 1532875360
1023570560712880129 1532873213
1023558884143886337 1532870429
1023558000995454976 1532870218
1023546180582735872 1532867400
1023529830577594369 1532863502
1023525109817126912 1532862377
1023524810134044672 1532862305
1023524439030419456 1532862217
1023523629093580800 1532862023
