1023612769889918977 1532883276
1023604308481388544 1532881259
1023627964406280193 1532886899
1023702300538413057 1532904622
1023614898692149249 1532883784
1023583928781701121 1532876400
1023665132017274882 1532895760
1023680524303384576 1532899430
1023635688145780736 1532888740
1023595874977542150 1532879248
1023558336728518656 1532870298
1023415484769812480 1532836240
1023549528023216129 1532868198
1023684790434840576 1532900447
1023680007892348928 1532899307
1023632320862060544 1532887938
1023557887879196673 1532870191
1023759055939137536 1532918154
1023704799047380993 1532905218
1023727478978895872 1532910625
1023627949025751044 1532886895
1023423399278915589 1532838127
1023528855913615360 1532863270
1023628203116687362 1532886956
1023680853438803973 1532899509
1023759299389124608 1532918212
1023748200572891136 1532915565
1023709338362413057 1532906300
1023686600415477773 1532900879
1023644332996419584 1532890802
1023640137421475840 1532889801
1023603407125467136 1532881044
1023595655594483713 1532879196
1023577352033456129 1532874832
1023574301927239681 1532874105
1023573918404300802 1532874013
1023568262913765376 1532872665
1023566022614425603 1532872131
1023547707003203585 1532867764
1023538262131007488 1532865512
1023746071653244928 1532915058
1023727269909540864 1532910575
1023682033929920513 1532899790
1023671113363148801 1532897186
1023665210970853383 1532895779
1023613580766261248 1532883470
1023574090324615169 1532874054
1023550877456584711 1532868520
1023535379360739330 1532864825
1023462394478125056 1532847424
1023462249799639040 1532847390
1023430432262639616 1532839804
1023428504942194688 1532839344
1023419552485593088 1532837210
1023416532448231424 1532836490
1023416042956251136 1532836373
1023410028898869248 1532834939
1023406176099295232 1532834021
1023405833701543937 1532833939
1023405055926517761 1532833753
1023993993137410048 1532974167
1024075919843971072 1532993700
1024016876412841984 1532979623
1023958457962192897 1532965695
1024051298478575621 1532987830
1023912461668442113 1532954728
1024011652155494405 1532978377
1024052012705632258 1532988000
1023776451643015168 1532922301
1024050292336324609 1532987590
1024022542384812032 1532980974
1023981923079782400 1532971289
1024080627782615042 1532994822
1023951062905049088 1532963932
1024107476118056961 1533001223
1024014880133849088 1532979147
1024117439989272576 1533003599
1024115145654632453 1533003052
1024115133193306122 1533003049
1024102026270191616 1532999924
1024416286351208450 1533074850
1024163131910762498 1533014493
1024267630318899200 1533039407
1024323879504932865 1533052818
1024298780596817920 1533046834
1024392706892685313 1533069228
1024375560326324225 1533065140
1024361244097163264 1533061726
1024107476118056961 1533001223
1024392584821714944 1533069199
1024463852623331329 1533086190
1024462359807578112 1533085834
1024448399255461888 1533082506
1024420997645119489 1533075973
1024411337538121728 1533073670
1024398712762761216 1533070660
1024386271869919234 1533067694
1024376837156294657 1533065444
1024348113551728640 1533058596
1024341957768822784 1533057128
1024373638282326017 1533064681
1024328061255405574 1533053815
1024321830197383168 1533052329
1024313329857294336 1533050303
1024311298903949312 1533049819
1024308735915769857 1533049208
1024307037088489472 1533048803
1024300788573716480 1533047313
1024298370586877952 1533046736
1024283253585391616 1533043132
1024282809081454592 1533043026
1024243031615131648 1533033542
1024241423590350848 1533033159
1024154557918662658 1533012449
1024149178455416832 1533011166
1024143437480845313 1533009797
1024125478620286976 1533005516
1024117439989272576 1533003599
1024115145654632453 1533003052
1024115133193306122 1533003049
1024368672775778304 1533063498
1024362933000790016 1533062129
1024351397905670154 1533059379
1024330112806871040 1533054304
1024312343596027904 1533050068
1024308111644024832 1533049059
1024307536030261248 1533048921
1024287968377425920 1533044256
1024276745082609666 1533041580
1024270378049458177 1533040062
1024255987937697792 1533036631
1024240414541402112 1533032918
1024146412936867842 1533010507
1024137560250085376 1533008396
1024134763500773376 1533007729
1024129194484228096 1533006402
1024126036789866497 1533005649
1024125523121917959 1533005526
1024112092368887808 1533002324
1024110186313732096 1533001870
