969713177490546688 1520032612
969673212958257159 1520023084
969596574807490560 1520004812
969512241983782912 1519984705
969499862742990848 1519981754
969983433786232832 1520097046
969976563876925440 1520095408
970492996817956866 1520218535
970491205028139009 1520218108
970446687260020737 1520207494
970387124653608960 1520193294
970366702222495744 1520188425
970295378812784640 1520171420
970170000647622656 1520141527
970804735375798277 1520292860
970784166492147715 1520287956
970710925153046528 1520270494
970668359284133889 1520260345
970664272257863682 1520259371
971189854339035137 1520384679
971183562513944578 1520383179
971172718648463360 1520380594
971118094197370885 1520367570
971117555476762624 1520367442
971117283211907084 1520367377
971117159815446528 1520367348
971115975809658880 1520367065
971115270403186695 1520366897
971112341017382913 1520366199
971107076146651137 1520364943
971105826650902532 1520364646
971104089173123074 1520364231
971092015374094341 1520361353
971086111152988162 1520359945
971085993767002112 1520359917
971081779594645505 1520358912
971078117623287812 1520358039
971077704127799296 1520357941
971071006189277184 1520356344
971172922210611200 1520380642
971163971649785856 1520378508
971129250991476743 1520370230
971125279925161984 1520369284
971116254319861760 1520367132
971115613132345344 1520366979
971113958722736128 1520366584
971113115277504514 1520366383
971100611218468866 1520363402
971087559936921602 1520360290
971070282713706497 1520356171
971068206562627584 1520355676
971067282188328960 1520355456
971062450027139078 1520354304
971049979010744326 1520351330
971037907019554816 1520348452
971028752674287616 1520346270
970960342867116032 1520329959
971569321116921857 1520475151
971564418332012544 1520473982
971543899088015360 1520469090
971506079300538374 1520460073
971413246942040065 1520437940
971393343640035328 1520433195
971354151358816256 1520423851
971246466474893312 1520398177
971238257383100417 1520396219
971237542216503297 1520396049
971320818193092608 1520415903
971849443795505154 1520541938
971797408232497153 1520529531
971785512951451648 1520526695
971721572280143872 1520511451
972298332759560193 1520648961
972254483299397633 1520638507
972161795526938624 1520616408
972090494267387904 1520599409
972076699931365376 1520596120
972645543951372288 1520731743
972639668264108034 1520730342
972593331413946368 1520719294
972580763714641920 1520716298
972519155667800064 1520701609
972497104060010498 1520696352
972478628511576065 1520691947
972320312028213249 1520654201
973024405537329154 1520822070
972872653651529728 1520785890
972868558467358722 1520784914
972860586202746887 1520783013
972814852006842368 1520772109
972727607409152000 1520751308
972706144039948288 1520746191
972693469465600000 1520743169
973232311025197058 1520871639
973714764500172800 1520986665
973714276388102144 1520986548
973713865170128898 1520986450
973712775125102593 1520986190
973712371268112384 1520986094
973708763634061312 1520985234
973705424082997255 1520984438
973685850331582465 1520979771
973576689467961344 1520953745
974071452940034048 1521071706
974065111102054400 1521070194
974064312129146880 1521070003
974063932913614848 1521069913
974061591183396864 1521069355
974043870328709120 1521065130
973982406234517505 1521050476
973942268632682496 1521040906
973941924032860161 1521040824
973926957497937920 1521037256
973925373242150913 1521036878
973923053603352576 1521036325
973894134317617154 1521029430
973891617928241153 1521028830
973761376035405824 1520997778
974471984372477953 1521167200
974320703104258048 1521131132
974317013068926976 1521130252
974604990324117505 1521198911
974604762737008640 1521198857
975105716280283136 1521318294
975553106862800897 1521424960
975398813811822597 1521388173
975927088178921472 1521514124
975926596333907971 1521514007
975914590939774976 1521511144
975887366798880771 1521504654
975882935432876032 1521503597
975872525602295808 1521501115
975870391297200129 1521500606
975869883262128128 1521500485
975866380053565440 1521499650
975843061925326849 1521494090
975833430477950976 1521491794
975820671199666176 1521488752
975772742535602176 1521477325
975769998814859264 1521476671
975750754039468033 1521472082
975750189121200128 1521471948
975749618385465344 1521471812
975729048667205632 1521466908
975714142446288897 1521463354
975925234737074176 1521513682
975924695378944000 1521513553
975906037135003648 1521509105
975896064657100800 1521506727
975874061275422720 1521501481
975871931936321537 1521500974
975860187125993472 1521498173
975856219859619840 1521497228
975834718045339651 1521492101
975831800575610881 1521491405
975776918187409408 1521478321
975773315150352389 1521477461
975727665520037893 1521466578
975695902383001600 1521459005
975594905362927616 1521434925
976269852527775744 1521595845
976261478310465536 1521593849
976257211201720320 1521592831
976246366296072193 1521590246
976222537968439297 1521584565
976216936265732099 1521583229
976215058060664833 1521582781
976197488251162626 1521578592
976187855549685760 1521576296
976187140190060544 1521576125
976178894599573504 1521574159
976174363098492928 1521573079
976174105782312966 1521573017
976173094493671425 1521572776
976165051756408832 1521570859
976160118512463873 1521569683
976147619197210628 1521566703
976131005177266176 1521562741
976125938885906433 1521561534
976117852221603840 1521559606
976285392499490817 1521599550
976274645044350977 1521596988
976264646180196352 1521594604
976263759516794882 1521594393
976213561386196992 1521582424
976206927897165824 1521580843
976202220512448515 1521579720
976157902762315776 1521569154
976139086191890432 1521564668
976129874778902529 1521562472
976100878271811584 1521555559
976099908833988609 1521555327
976094334088040450 1521553998
976087071092862976 1521552267
976072438374158336 1521548778
976060401992552449 1521545908
976052554768502784 1521544037
976047597289951232 1521542855
975937799466647552 1521516678
975931045211262976 1521515067
976476111344488448 1521645021
976627167097389056 1521681036
976619339729244161 1521679169
976606491452039168 1521676106
976591747244584960 1521672591
976589600960536579 1521672079
976586862742654976 1521671426
976567359786962945 1521666776
976565973258993665 1521666446
976523117093941248 1521656228
976517824444293121 1521654966
976513758213410817 1521653997
976507766926987264 1521652568
976498903519498240 1521650455
976494537374920704 1521649414
976484117058551808 1521646930
976478627004076032 1521645621
976475719718133760 1521644928
976466744545038336 1521642788
976462080114126848 1521641676
976608413986709504 1521676565
976589510283677696 1521672058
976523958886387712 1521656429
976513944239136768 1521654041
976503670748663809 1521651592
976498291608313856 1521650309
976498277507006466 1521650306
976497859913592832 1521650206
976493373186977794 1521649137
976487022125776897 1521647622
976484015657152512 1521646906
976454592107110401 1521639891
976451341227786240 1521639115
976445693819871237 1521637769
976430262694350848 1521634090
976424599910051840 1521632740
976393415071076353 1521625305
976388176276328453 1521624056
976385305828823040 1521623371
976363393249628160 1521618147
976320111148720128 1521607828
976315122724548608 1521606638
976308955013091329 1521605168
976826096632172544 1521728464
976987937408774144 1521767050
976959820300541952 1521760346
976958891979345920 1521760125
976955621021921280 1521759345
976949559585918981 1521757900
976948388183896064 1521757621
976945960688537601 1521757042
976944539477905408 1521756703
976942135764226048 1521756130
976940893264637952 1521755834
976940702008569856 1521755788
976914444411432961 1521749528
976913493168443400 1521749301
976890051547357185 1521743712
976889849910317056 1521743664
976889054871654400 1521743475
976875733212631040 1521740298
976867368721944576 1521738304
976850038667309058 1521734172
976987100439613440 1521766850
976953028455657473 1521758727
976952842517966848 1521758683
976949619824394240 1521757914
976948502742827015 1521757648
976933363402592263 1521754039
976895165590798336 1521744931
976888593175244801 1521743364
976887218500460544 1521743037
976885759356612608 1521742689
976885228819177473 1521742562
976874349624995841 1521739969
976855779637710848 1521735541
976846087381233698 1521733230
976841496606511106 1521732136
976833470050852865 1521730222
976814321350139905 1521725657
976807172997861376 1521723952
976799271600222208 1521722069
976674934595444736 1521692424
976672848470257664 1521691927
976664276986449920 1521689883
976656424930545664 1521688011
977377324600647681 1521859887
977375816127524864 1521859527
977373409071034368 1521858954
977371588692766721 1521858520
977370201309278209 1521858189
977366777066852352 1521857372
977366247053590528 1521857246
977362233993908224 1521856289
977353445022642177 1521854194
977348982472142849 1521853130
977341225803030528 1521851281
977315925597806592 1521845248
977315664401784832 1521845186
977304443329892353 1521842511
977302407490097152 1521842026
977294363918151680 1521840108
977284364030574597 1521837724
977279966713909249 1521836675
977276740941893632 1521835906
977254581431357441 1521830623
977738591785930753 1521946020
977730145267126272 1521944006
977722536137019392 1521942192
977715678047240193 1521940557
977707712762040320 1521938658
977699035468484610 1521936589
977651326371991552 1521925214
977646934184923138 1521924167
977646046955188224 1521923956
977639874647023618 1521922484
977634130337976322 1521921114
977631356250460160 1521920453
977621760530092034 1521918165
977611558321664000 1521915733
977607735561936901 1521914821
977598511712784384 1521912622
977578918596218880 1521907951
977576322749919234 1521907332
977546723756269568 1521900275
977526097981202432 1521895357
977737048777023490 1521945652
977710253088309248 1521939263
977708096867979264 1521938749
977702360955879424 1521937382
977699313303289857 1521936655
977699128472997890 1521936611
977688177354747904 1521934000
977687496896245760 1521933838
977669620374020096 1521929576
977649611409108996 1521924805
977641615924908037 1521922899
977641218694959107 1521922804
977624239904886788 1521918756
977598934280474624 1521912723
977592230679638016 1521911125
977586667035951105 1521909798
977581672093962240 1521908607
977554953089835010 1521902237
977527166014509056 1521895612
977382226127151104 1521861056
977380134822047746 1521860557
978030696357859333 1522015663
978052515831996417 1522020865
977791238500954112 1521958572
978095646698885120 1522031148
978076581687169030 1522026603
978054766520565760 1522021402
978053384824590336 1522021072
978052918673920001 1522020961
978049337291833344 1522020107
978047639508996096 1522019703
978047087312080897 1522019571
978039399471570944 1522017738
978029448640516107 1522015366
978025369763794945 1522014393
978000001602289665 1522008345
977975620918562821 1522002532
977945171231985664 1521995272
977923156970229760 1521990024
977920202053734401 1521989319
977883776553508865 1521980635
978285945106640896 1522076519
978466402377129984 1522119544
978461598737207296 1522118398
978460606012542976 1522118162
978437867448958976 1522112740
978437496760623109 1522112652
978417168164499456 1522107805
978407565896880128 1522105516
978396375913287681 1522102848
978378084440334343 1522098487
978370793766875138 1522096749
978360090620252161 1522094197
978346970761908227 1522091069
978328266514796544 1522086609
978327811797680133 1522086501
978320766231105536 1522084821
978317864770985984 1522084129
978296482628382721 1522079031
978273543770210304 1522073562
978273524803567616 1522073558
978453361346392064 1522116434
978432886620778496 1522111553
978426470140870656 1522110023
978412232005570565 1522106628
978403125072678912 1522104457
978391787684364288 1522101754
978362789340372992 1522094840
978341224997416965 1522089699
978338141429010432 1522088964
978318125459476486 1522084192
978310403586510848 1522082351
978282304408817664 1522075651
978282294636097536 1522075649
978271988354551808 1522073192
978247431577104384 1522067337
978231911800823808 1522063637
978139136354934784 1522041517
978128019599560704 1522038867
978117583164583939 1522036379
978117040618835968 1522036249
978113514219999233 1522035408
978113328701673474 1522035364
978112387600568325 1522035140
978110581856243712 1522034709
978108447161028608 1522034200
978105801293357056 1522033570
978586985878126593 1522148293
978828779798835201 1522205941
978825904473419779 1522205255
978825387290562563 1522205132
978824340908269568 1522204883
978816134513348609 1522202926
978814483421368320 1522202532
978813468731113472 1522202291
978804487027556354 1522200149
978804455264137216 1522200142
978802330996002817 1522199635
978796828127907840 1522198323
978788056818946049 1522196232
978783670281662464 1522195186
978778622206074881 1522193983
978742603217801217 1522185395
978722263632699394 1522180546
978712648417271810 1522178253
978659196555202561 1522165509
978613657247547398 1522154652
979113539829936129 1522273833
979188578600267776 1522291724
979176649349529600 1522288880
979175013495472129 1522288490
979165742531862533 1522286279
979139517495103497 1522280027
979137252516392960 1522279487
979123005753348097 1522276090
979114820694716416 1522274138
979098740593016833 1522270305
979091804426416128 1522268651
979080635959726081 1522265988
979067394940383232 1522262831
979059699738955783 1522260997
979056026266886144 1522260121
979032127776927744 1522254423
979018961651159040 1522251284
979011148090609664 1522249421
979004592620007426 1522247858
979003273171611649 1522247543
979548850863079425 1522377619
979530551509094403 1522373256
979501493731676160 1522366329
979489613231411206 1522363496
979471530458599424 1522359185
979462988271845377 1522357148
979460139836198912 1522356469
979410053974364160 1522344528
979402995183087617 1522342845
979399208817102849 1522341942
979377209168232448 1522336697
979376407049621504 1522336506
979340762218483712 1522328007
979298399718690816 1522317907
979298069371121665 1522317828
979293194398691328 1522316666
979292511104651264 1522316503
979265461027332097 1522310054
979221231143710720 1522299509
979201320891617280 1522294762
979492480583389190 1522364180
979480965436321793 1522361434
979453778192580608 1522354952
979400859145646080 1522342335
979396861562884096 1522341382
979394466837598212 1522340811
979381442022137856 1522337706
979379121594753025 1522337153
979369478541766656 1522334854
979367620716781568 1522334411
979348453036822528 1522329841
979330535783911424 1522325569
979324110949048320 1522324037
979301052485861376 1522318540
979261361187418112 1522309076
979236055042969600 1522303043
979230084245655553 1522301619
979221831113674752 1522299652
979200024511963137 1522294453
979197180689960960 1522293775
979196548398579712 1522293624
979196066590547969 1522293509
979195648993058816 1522293409
979191895179059200 1522292514
979890302919028736 1522459028
979847000282816514 1522448704
979842523123343361 1522447636
979825153650589697 1522443495
979817087895003136 1522441572
979795460704661504 1522436416
979749975096745984 1522425571
979748965984940032 1522425331
979737073098940418 1522422495
979736572793905153 1522422376
979727842639523841 1522420294
979709682427224064 1522415965
979706580840087552 1522415225
979687116954394625 1522410585
979672234875932672 1522407036
979671436993486848 1522406846
979618768501559297 1522394289
979608163845640192 1522391761
979602161930784770 1522390330
979585607411339265 1522386383
979913616282578945 1522464586
979731992966287361 1522421284
979714851416301568 1522417197
979570385539751936 1522382754
979569850572996608 1522382626
979558259345408002 1522379862
979558165275492352 1522379840
980249728293187585 1522544722
980236757257064450 1522541629
980235531391991808 1522541337
980234991060865024 1522541208
980222058582953990 1522538125
980184209229864962 1522529101
980165276569423872 1522524587
980157199023575041 1522522661
980111060165414912 1522511660
980052868911828992 1522497787
980640335931068417 1522637850
980605611233726469 1522629571
980563296418959360 1522619482
980562224380022784 1522619226
980562120889851904 1522619202
980511402317230080 1522607109
980510172333387777 1522606816
980501442523029504 1522604735
980456227472859137 1522593955
980314812549861376 1522560239
980281031378046976 1522552185
981002096743940097 1522724100
981000644248113153 1522723754
980989879977902081 1522721187
980983832097841152 1522719746
980967793997832192 1522715922
980951419564982272 1522712018
980951031814279168 1522711925
980949195350790144 1522711487
980948110301106176 1522711229
980942443326660608 1522709878
980942167282765825 1522709812
980939915658760198 1522709275
980936601474871296 1522708485
980907140918534150 1522701461
980865466376835073 1522691525
980865425104867329 1522691515
980840425404715008 1522685555
980835852116004864 1522684464
980818523063750656 1522680333
980817968409038854 1522680201
980999050957869058 1522723374
980964993490477056 1522715254
980940887835533312 1522709507
980936872825446400 1522708550
980934121445904384 1522707894
980931466161946624 1522707261
980841853980463104 1522685895
980771747569065984 1522669181
980753709658451969 1522664880
980744669465403392 1522662725
981313497542877185 1522798344
981279276753457155 1522790185
981364927750443012 1522810606
981350189247225858 1522807092
981349156693438465 1522806846
981341332378738689 1522804980
981335839560097792 1522803671
981333492394086400 1522803111
981333418461024256 1522803093
981325951068975104 1522801313
981309317914808320 1522797347
981307407593889792 1522796892
981307208620298240 1522796844
981306750291890177 1522796735
981297806353797120 1522794603
981285338827120640 1522791630
981277158923493376 1522789680
981271183986515969 1522788256
981269263607566336 1522787798
981141936970043393 1522757441
981362132141912064 1522809939
981356115215704064 1522808505
981347207675772928 1522806381
981340972444512261 1522804894
981330673624633349 1522802439
981328133159899137 1522801833
981316033867808769 1522798949
981314550698999809 1522798595
981295393257508865 1522794027
981287034118725633 1522792035
981277876266917888 1522789851
981275403506634754 1522789262
981265136030748673 1522786814
981242348154781699 1522781381
981139091659083776 1522756762
981132690400403458 1522755236
981122373125537792 1522752776
981103900706000896 1522748372
981019846329675776 1522728332
981019149135642625 1522728166
981013632933916672 1522726851
981009107971952642 1522725772
981723069650817024 1522895993
981707520887713793 1522892286
981700197192556544 1522890540
981688777293942784 1522887818
981672159906017285 1522883856
981668003120107521 1522882865
981659866547802113 1522880925
981648216381849600 1522878147
981640409217732610 1522876286
981631674906742784 1522874203
981609363377967109 1522868884
981588975642169344 1522864023
981584109582548994 1522862863
981567237315325954 1522858840
981566935581315073 1522858768
981523191779733504 1522848339
981505319317712896 1522844078
981502252333531142 1522843347
981501232962527232 1522843104
981481992331124736 1522838516
982088498789404678 1522983119
982080176552075265 1522981134
982072557288517632 1522979318
982064908975124486 1522977494
982062442753789952 1522976906
982036597658083328 1522970744
982025327164698627 1522968057
982013982054723584 1522965352
981933311546351616 1522946119
981885722134241281 1522934773
981847856926609409 1522925745
981751220443537408 1522902705
981748845439799301 1522902139
981746833855844353 1522901659
981743121632460801 1522900774
981741172887572480 1522900310
981740085505863681 1522900050
981739012233842688 1522899795
981734883520368640 1522898810
981734473908748288 1522898712
982077386572357634 1522980469
982057318459244549 1522975685
982045341183864833 1522972829
982035718850646018 1522970535
982022092316135429 1522967286
982020535675752449 1522966915
981949759748562945 1522950041
981942809832906752 1522948384
981886867221118977 1522935046
981777018839814145 1522908856
981748931452375040 1522902159
981737991675744256 1522899551
981735525181685760 1522898963
981734117770432513 1522898628
981732962046742530 1522898352
981732130299539456 1522898154
981731034436984833 1522897892
981730593150038023 1522897787
981728411231059975 1522897267
981728400711831552 1522897265
982244741730336770 1523020370
982436775401545728 1523066154
982434863285526528 1523065698
982421448236064768 1523062500
982404856349646853 1523058544
982400923010990081 1523057606
982394640405090304 1523056108
982387719363092480 1523054458
982369703367729152 1523050163
982364291503443969 1523048873
982361864750403584 1523048294
982358614986903552 1523047519
982347535737028609 1523044878
982345432318824448 1523044376
982343412161679360 1523043895
982331483133112320 1523041051
982329434865795073 1523040562
982268831635681280 1523026113
982261398574018560 1523024341
982235980630405122 1523018281
982400889670520833 1523057598
982373511208554497 1523051071
982368516035751936 1523049880
982342907125432320 1523043774
982321965607333888 1523038781
982305833978445824 1523034935
982301051121537029 1523033795
982300084015632384 1523033564
982294092163018754 1523032136
982244824404213763 1523020390
982239862639157248 1523019207
982225167538569216 1523015703
982223658314682369 1523015343
982221027349377031 1523014716
982215696263217154 1523013445
982213775817302016 1523012987
982196499298701312 1523008868
982116971855495173 1522989907
982109447848775681 1522988113
982105699181215745 1522987219
982103571402391552 1522986712
982100931880734722 1522986083
982099432760983552 1522985725
982094864866136064 1522984636
982742035361861633 1523138934
982758120329023488 1523142769
982810900611719170 1523155353
982779991858601984 1523147983
982770338433064960 1523145682
982768122439651329 1523145153
982767183389515777 1523144930
982753760979095552 1523141729
982746188737724416 1523139924
982745703737937920 1523139808
982738829630169089 1523138170
982737992119980032 1523137970
982736400771579906 1523137590
982730809265328134 1523136257
982728887284191233 1523135799
982713311480434690 1523132086
982685195504619520 1523125382
982663437355495424 1523120195
982661366409506817 1523119701
982643918956384256 1523115541
983174962025582593 1523242152
983149832113188864 1523236160
983145517051006976 1523235131
983141699332509696 1523234221
983141442561470464 1523234160
983140835767267329 1523234015
983140739361267712 1523233992
983137035719446529 1523233109
983136925480636417 1523233083
983132873602621441 1523232117
983111747505553409 1523227080
983052021837201409 1523212840
983038262305607680 1523209560
983031465087832065 1523207939
983015235454894080 1523204070
982991160829534208 1523198330
982984372335849473 1523196711
982974174569394176 1523194280
982959065914474501 1523190678
982952712328437760 1523189163
983538795780956160 1523328896
983521416028049408 1523324753
983509376253165568 1523321882
983502669212987392 1523320283
983489705336606720 1523317192
983469662829711360 1523312414
983455581062221826 1523309056
983443363176308736 1523306143
983440583304843264 1523305481
983428800754176001 1523302671
983405027246002176 1523297003
983401293073940481 1523296113
983400288123019264 1523295874
983346600243355650 1523283073
983313045832261633 1523275073
983312455689482240 1523274933
983292513711603712 1523270178
983261355183693824 1523262749
983246832179564544 1523259287
983220770175356928 1523253073
983521895676043264 1523324867
983507419325259776 1523321416
983504364441686016 1523320687
983493880011264000 1523318188
983486542223237123 1523316438
983482006427324416 1523315357
983461201412751360 1523310396
983437849734266880 1523304829
983422730639900672 1523301224
983412257823580160 1523298727
983392960057311233 1523294126
983377193874096128 1523290367
983348207492255744 1523283457
983340247000940545 1523281559
983335954487312385 1523280535
983305988198600705 1523273391
983295832689692673 1523270969
983188192319954944 1523245306
983186092919844864 1523244805
983178734109851648 1523243051
983892810091950080 1523413300
983868167507337217 1523407425
983868160003727360 1523407423
983860447697866752 1523405584
983856285056724992 1523404592
983855550470508545 1523404417
983847529996587008 1523402504
983840872985919488 1523400917
983840764399636481 1523400891
983831327882514432 1523398641
983825531832594432 1523397260
983807281702809601 1523392908
983790163426988032 1523388827
983780335010926592 1523386484
983764156896698368 1523382627
983755871623811077 1523380651
983744320393154560 1523377897
983743102451093504 1523377607
983729632678686720 1523374395
983697037672833024 1523366624
983892248248176641 1523413166
983887870774730752 1523412122
983885884373250048 1523411649
983854614318592000 1523404193
983820431772803072 1523396044
983807917492228096 1523393060
983806056722829313 1523392616
983790372974448641 1523388877
983774820088385536 1523385169
983763457160990720 1523382460
983747130597826560 1523378567
983723182891978753 1523372858
983718619543736321 1523371770
983695317165015040 1523366214
983675655375196160 1523361526
983665424310161408 1523359087
983629892658040832 1523350616
983559886129848320 1523333925
983555596795473920 1523332902
983554987396608002 1523332757
984235326884450305 1523494962
984219205808672768 1523491119
984217323199451136 1523490670
984211710079881216 1523489332
984206388401405952 1523488063
984198495174365184 1523486181
984159884483719168 1523476975
984124658491576320 1523468577
984122523989233664 1523468068
984120809856946176 1523467659
984105753333190658 1523464070
984100679592611841 1523462860
984096935274532864 1523461967
984096684690018305 1523461907
984044394583134208 1523449440
984038392160751616 1523448009
984023665154187264 1523444498
984021097128579074 1523443886
984017534755196935 1523443037
984010424797618178 1523441341
984249439249485824 1523498327
984245450348875776 1523497376
984207322749784064 1523488286
984191134657384448 1523484426
984185561329143814 1523483097
984137090014351360 1523471541
984123723270811654 1523468354
984109927009419264 1523465065
984097637786947585 1523462135
984071201797656577 1523455832
984063898860040192 1523454091
984054856376864768 1523451935
984047848214839296 1523450264
984043344593604608 1523449190
984034906698342402 1523447178
983922352957386753 1523420343
983920142022213634 1523419816
983913224075653121 1523418167
983906999195889664 1523416683
983905317582000128 1523416282
984623267901247488 1523587455
984613538894434304 1523585135
984592764343111680 1523580182
984572472405184513 1523575344
984543317076606976 1523568393
984512566650195968 1523561061
984479266132910081 1523553122
984477636918480897 1523552734
984456107358867456 1523547600
984453302531354624 1523546932
984443889712095232 1523544688
984437341954760704 1523543126
984429857810604037 1523541342
984403528306180096 1523535065
984399147183824896 1523534020
984392854108860416 1523532520
984367178366570496 1523526398
984363459688222720 1523525512
984351370789769217 1523522629
984316742049718272 1523514373
984579627313238022 1523577050
984578524257423361 1523576787
984533023621308417 1523565939
984495176101097476 1523556915
984457464769925120 1523547924
984444622322720770 1523544862
984423327765803009 1523539785
984410939926679553 1523536832
984409919658057728 1523536588
984383995420073984 1523530408
984382612197257217 1523530078
984382154976133121 1523529969
984378602493014016 1523529122
984299061296746496 1523510158
984291018974654465 1523508240
984287788051951616 1523507470
984973905432629248 1523671053
984946172795158528 1523664441
984944576615067648 1523664061
984941275005808640 1523663273
984940136952745989 1523663002
984935202249199618 1523661826
984933599865696258 1523661444
984929029001240577 1523660354
984924628672970752 1523659305
984921531787694080 1523658566
984918450324852738 1523657832
984903072953655297 1523654165
984893912459378688 1523651981
984871645780303872 1523646673
984845513924186113 1523640442
984795525965926401 1523628524
984752067574104064 1523618163
984750400019591168 1523617765
984750050273300480 1523617682
984666502073810944 1523597762
984646585920323584 1523593014
985347578056372224 1523760144
985337803126067202 1523757813
985324814046040064 1523754716
985300279787737088 1523748867
985298939485347840 1523748547
985289745877135362 1523746355
985288808710189056 1523746132
985280722339553280 1523744204
985279910855020544 1523744011
985218255873826816 1523729311
985196093217607680 1523724027
985189401444659200 1523722431
985154223871492097 1523714044
985109068946857984 1523703279
985100317766373376 1523701192
985057097078464512 1523690888
985026212375523329 1523683524
985022355016691714 1523682604
985021051020238849 1523682294
985020080126943233 1523682062
985264959880867841 1523740446
985250911093248000 1523737096
985154112647061504 1523714018
985152869203632128 1523713721
984993475115569153 1523675719
985708067672219648 1523846091
985705193525465088 1523845406
985698104346337280 1523843716
985697614476795904 1523843599
985662055947669504 1523835121
985654269205413888 1523833265
985647912532283393 1523831749
985610083752169476 1523822730
985608448070029314 1523822340
985585068742729728 1523816766
985577002580303872 1523814843
985566475040804865 1523812333
985566433089413121 1523812323
985562327910150144 1523811344
985558322312032257 1523810389
985513762596810752 1523799765
985506139965214723 1523797948
985505348273496064 1523797759
985485378420428800 1523792998
985483900238614529 1523792645
985708229215825921 1523846130
986069679902003200 1523932306
986047896196968451 1523927112
986041784714309632 1523925655
986027983742828544 1523922365
986026856037212160 1523922096
986004050905845760 1523916659
985993336531103744 1523914104
985978750662840320 1523910627
985978092542922757 1523910470
985964840509255680 1523907310
985946559497023488 1523902952
985931076009971714 1523899260
985907884042129408 1523893731
985905564856279042 1523893178
985902635713794048 1523892480
985899298180292620 1523891684
985895499499745280 1523890778
985886282298593280 1523888581
985881665686921216 1523887480
985872741227270146 1523885352
985909870107951104 1523894205
985869460144902145 1523884570
985866939057823744 1523883969
985865364998324224 1523883594
985860332546674688 1523882394
985856239044308992 1523881418
985843689032503297 1523878426
985732633773662208 1523851948
985732627129913350 1523851946
985732620834177025 1523851945
985732617889828864 1523851944
985732614282731521 1523851943
985732611078279168 1523851943
985732607269834752 1523851942
985732603507552256 1523851941
985732600160509952 1523851940
985732596905725952 1523851939
985732593567059970 1523851938
985732590580662272 1523851938
985732587183394816 1523851937
985732583916032000 1523851936
985732577708466177 1523851935
985732574298476549 1523851934
985732570829807616 1523851933
985732567662985217 1523851932
986428509403996160 1524017858
986426759552950273 1524017441
986421793836683265 1524016257
986420435733671936 1524015933
986379164004610048 1524006093
986351260445106176 1523999440
986350840976986112 1523999340
986339379131113472 1523996607
986330551488479233 1523994503
986320588175302663 1523992127
986305519882264576 1523988535
986291656193462272 1523985229
986289387884417024 1523984689
986289371765792768 1523984685
986288764698980353 1523984540
986281237944860672 1523982746
986257984610238464 1523977201
986222990210883585 1523968858
986216600650092544 1523967335
986119018326188032 1523944069
986797888138248193 1524105925
986787967313367040 1524103559
986773750728228864 1524100170
986772482588889088 1524099867
986771098661478400 1524099537
986746205723078657 1524093602
986734039309615107 1524090702
986719044823863298 1524087127
986708185322016768 1524084538
986707086276005891 1524084276
986680935910342657 1524078041
986670282504056836 1524075501
986652803128061957 1524071334
986641893558767616 1524068733
986641281152618497 1524068586
986629027753578496 1524065665
986590522943959040 1524056485
986583148694855682 1524054727
986582259024236544 1524054515
986567061525684227 1524050891
986787776627662848 1524103514
986722210839695360 1524087882
986706766963634178 1524084200
986700323644497920 1524082663
987138566126997505 1524187148
987118414434054144 1524182344
987112240439545856 1524180872
987109879616823297 1524180309
987104265318621184 1524178971
987102537219280896 1524178559
987071830665125888 1524171237
987067981044813824 1524170320
987059676893233152 1524168340
987051849302847490 1524166474
987035013555347456 1524162460
987010496275603461 1524156614
986977044281135104 1524148639
986955238119747584 1524143440
986951021174935552 1524142434
986948319380418561 1524141790
986930706373804032 1524137591
986927046680023041 1524136718
986915244080615424 1524133904
986892948871831553 1524128589
987141837075992576 1524187928
986977209457041408 1524148678
986892631044112385 1524128513
986813071351001088 1524109544
987523140204023808 1524278838
987513843059494912 1524276621
987493699889319936 1524271819
987475762864324609 1524267542
987473493179666434 1524267001
987462808718716929 1524264454
987454467007184898 1524262465
987443867795558400 1524259938
987414039138590721 1524252826
987380138307473408 1524244744
987379522323603456 1524244597
987375452221313024 1524243627
987358745775824897 1524239643
987356132569120769 1524239020
987344269575901184 1524236192
987342305844715523 1524235724
987335247833464832 1524234041
987317424562343940 1524229792
987281181887655936 1524221151
987265558323318785 1524217426
987868705727098881 1524361227
987867279470755840 1524360887
987843905898139648 1524355315
987841959460032512 1524354851
987795036749357056 1524343663
987770904158638080 1524337910
987770722977222656 1524337866
987769003211919361 1524337456
987747643525808128 1524332364
987747095732998151 1524332233
987727885946540032 1524327653
987725976766418944 1524327198
987717621494710272 1524325206
987699061129207810 1524320781
987698457426169861 1524320637
987688701441527808 1524318311
987660700238704640 1524311635
987654237156007936 1524310094
987642702354317312 1524307344
987642543218274305 1524307306
988247130535022592 1524451451
988243612646432768 1524450612
988230856404848640 1524447571
988228906850443264 1524447106
988226645881475072 1524446567
988207333145763841 1524441962
988194295030124544 1524438854
988180985073324035 1524435681
988169045441695744 1524432834
988124320542191616 1524422171
988111465642168328 1524419106
988071265415127041 1524409521
988040446332063744 1524402173
988017695286284289 1524396749
988008299286224896 1524394509
988109041577623552 1524418528
988064640109301762 1524407942
988058645123489792 1524406512
988583060647145472 1524531543
988582000847130624 1524531290
988578675552587778 1524530497
988569252511744000 1524528251
988555000732377096 1524524853
988548757384937472 1524523364
988547818850840576 1524523141
988528601040605185 1524518559
988527868006273029 1524518384
988516873234010112 1524515762
988466208914763776 1524503683
988447152551624709 1524499140
988444970335064064 1524498620
988442936189816833 1524498135
988423255718612992 1524493442
988418035223580672 1524492198
988395277651456000 1524486772
988390458949820416 1524485623
988385939637620736 1524484545
988325438186577921 1524470121
988959294174498816 1524621244
988952926503792643 1524619726
988943043335245824 1524617369
988941140991926272 1524616916
988927233816453120 1524613600
988922502985416704 1524612472
988902211022442497 1524607634
988899789571084291 1524607057
988895048812122112 1524605927
988892323290501120 1524605277
988873132516798464 1524600701
988863557285634049 1524598418
988860140198793217 1524597604
988844313927913472 1524593830
988828215681650688 1524589992
988822818635812871 1524588706
988789636783845377 1524580794
988774374789480448 1524577156
988620700058570752 1524540517
988960321158119424 1524621489
988959321668153344 1524621250
988950956036513792 1524619256
988936994054197248 1524615927
988919589949108224 1524611778
988884131617624068 1524603324
988841564758794240 1524593175
988798391332294661 1524582882
988707752829685760 1524561272
989331449986846721 1524709973
989303308522278912 1524703263
989293675556548608 1524700967
989285079489933312 1524698917
989251937458704385 1524691015
989247772632199168 1524690022
989245765368340482 1524689544
989231630622523392 1524686174
989220604795637765 1524683545
989212551950069761 1524681625
989180111609057282 1524673891
989175743413473280 1524672849
989169015137415169 1524671245
989160311092596736 1524669170
989155712927518720 1524668074
989135284133662720 1524663203
989126495141588992 1524661108
989121077979860992 1524659816
989108972589322240 1524656930
989097109835087872 1524654102
989112194745987072 1524657698
989090267469877250 1524652470
989089255833194496 1524652229
989076441005461504 1524649174
989076147534225409 1524649104
989068634797600770 1524647313
989669937361940486 1524790674
989643088321761280 1524784273
989627521200160768 1524780562
989575451726131200 1524768147
989568243735171072 1524766429
989551236453199872 1524762374
989536680737730561 1524758904
989517698848653313 1524754378
989489100704100352 1524747560
989477183902142464 1524744718
989463371702587393 1524741425
989455463996645378 1524739540
989417466253193217 1524730481
989407630266429440 1524728136
989383639694761985 1524722416
989343826518126593 1524712924
990007669493821440 1524871196
990007390933307392 1524871130
990006647799123973 1524870952
989990481479299072 1524867098
989973042402078720 1524862940
989950910121107456 1524857664
989922635541860352 1524850922
989903442574561282 1524846346
989898546525720577 1524845179
989894669180993536 1524844255
989888037529313280 1524842674
989875802161537029 1524839756
989874036980289542 1524839336
989861277144002560 1524836293
989854914540171265 1524834776
989842801679532034 1524831888
989835104179687424 1524830053
989824925996388353 1524827627
989818774936223744 1524826160
989745511652507648 1524808693
990007010207903744 1524871039
990417830175821825 1524968986
990386224950112257 1524961451
990375956635422720 1524959003
990372425182433280 1524958161
990369051347226625 1524957356
990365627444596736 1524956540
990360118423425024 1524955226
990358505893847046 1524954842
990358193728520192 1524954768
990357953533407237 1524954710
990341581227085825 1524950807
990329115684278274 1524947835
990320876674584576 1524945870
990301846320369665 1524941333
990295438447271936 1524939805
990271760670044160 1524934160
990262443317350401 1524931939
990258036055904261 1524930888
990234828858675202 1524925355
990229770469281793 1524924149
990129407363821568 1524900221
990773698268401664 1525053832
990764457952411648 1525051628
990743393625149440 1525046606
990743008831328256 1525046515
990734410378043398 1525044465
990721998228738049 1525041505
990714950124437504 1525039825
990706258897522694 1525037753
990687416628412417 1525033260
990672788267634689 1525029773
990668202337239040 1525028679
990657603045941249 1525026152
990651703820275713 1525024746
990624925173125120 1525018361
990619044561801216 1525016959
990574642720137224 1525006373
990573991403380737 1525006218
990490874768445440 1524986401
991150189531598850 1525143594
991124079448154112 1525137369
991116230605135873 1525135498
991111637397622785 1525134402
991098021864726528 1525131156
991091555250339840 1525129615
991079066915823616 1525126637
990994470794596353 1525106468
990976600865984512 1525102207
990966433927573504 1525099783
990950897940393985 1525096079
990950449552510976 1525095972
990904673321279490 1525085058
990902146425081856 1525084456
990807013901914112 1525061775
991122808355909633 1525137066
991092136778125312 1525129753
991092064778678272 1525129736
991090910678183939 1525129461
990989402540314624 1525105259
990927864727064577 1525090588
990927182213115905 1525090425
990926507718660096 1525090264
990798332988743680 1525059705
991510347696803846 1525229462
991500148290310145 1525227031
991486463912087552 1525223768
991459117838553088 1525217248
991458687419146240 1525217146
991455123393130496 1525216296
991452694828154881 1525215717
991439343381336066 1525212534
991416206904131584 1525207018
991403659736076289 1525204026
991401235965251584 1525203448
991393496190914562 1525201603
991380361694375936 1525198471
991361145826103296 1525193890
991359374479282176 1525193468
991349036111355904 1525191003
991345147341393925 1525190076
991337787537403904 1525188321
991330459597656064 1525186574
991313040460206080 1525182421
991470226435960832 1525219897
991452084145926145 1525215571
991449635502903296 1525214988
991449233516584961 1525214892
991435721817952258 1525211670
991392055782989829 1525201259
991372596053729280 1525196620
991366966119157760 1525195278
991350615249997825 1525191379
991348578676244481 1525190894
991330346284273665 1525186547
991322578823282688 1525184695
991301766162669568 1525179733
991264934821588992 1525170951
991158338447605761 1525145537
991872267327074306 1525315751
991859196881752064 1525312635
991855658835292161 1525311791
991854963927207936 1525311625
991854211829850112 1525311446
991831456958894080 1525306021
991828069592821760 1525305213
991824928071659522 1525304464
991807477128859651 1525300304
991796429160177664 1525297670
991774489884135426 1525292439
991769105937125376 1525291155
991764991622696961 1525290174
991761282280968193 1525289290
991759133400616961 1525288778
991754551064760322 1525287685
991747005759225858 1525285886
991716832993214465 1525278692
991692131763982337 1525272803
991645073136934913 1525261583
991828014215450625 1525305200
991734408335056897 1525282883
991644288873390080 1525261396
991638420811378690 1525259997
991610291661271041 1525253291
992219013769056256 1525398422
992215271384461318 1525397529
992213645248663552 1525397142
992205601903083525 1525395224
992192647732322304 1525392135
992191694773899264 1525391908
992183486424502273 1525389951
992176720752070656 1525388338
992158065314156545 1525383890
992143450312200193 1525380406
992142084034433035 1525380080
992129492079595520 1525377078
992044492466409472 1525356812
992035732796723201 1525354724
992030588260573184 1525353497
992026413934006272 1525352502
992022868849545216 1525351657
992021821749891073 1525351407
992007792214110208 1525348062
992006661945651201 1525347793
992125365895254016 1525376094
992117506457284608 1525374220
991986965976317952 1525343097
991971444690247680 1525339397
991943133469528065 1525332647
991890022541479936 1525319984
992597300655554560 1525488612
992589792247500800 1525486822
992581478163808256 1525484840
992581288518389760 1525484795
992568139530604551 1525481660
992560439493058560 1525479824
992557801242275840 1525479195
992551183045849088 1525477617
992511345374396422 1525468119
992509052570755072 1525467572
992504114616684544 1525466395
992496402222772226 1525464556
992435531236683776 1525450043
992434310450991110 1525449752
992425245863809024 1525447591
992363795497603073 1525432940
992929630465282048 1525567846
992926254864240640 1525567041
992886307453132801 1525557517
992872922204303361 1525554325
992856081327157250 1525550310
992851056278278145 1525549112
992829611070377984 1525543999
992828638071582725 1525543767
992827117246275585 1525543405
992822374700634112 1525542274
992730546001367040 1525520380
992727435551674368 1525519639
993303725702897664 1525657037
993302821683556353 1525656822
993285017274146816 1525652577
993161580706762752 1525623147
993161168117170177 1525623049
993155463930892293 1525621689
993139839074734080 1525617963
993118300384169984 1525612828
993116010420035584 1525612282
992982887619289088 1525580543
993161238107623424 1525623065
993678222062768128 1525746324
993671744832581633 1525744780
993671405295239169 1525744699
993650315919536128 1525739671
993649185428828160 1525739401
993633107369779201 1525735568
993615844042334208 1525731452
993611538224353286 1525730425
993600037870604293 1525727683
993593120897077251 1525726034
993587111520559105 1525724601
993565098928168972 1525719353
993554086506258433 1525716728
993542190327652353 1525713891
993527662802014209 1525710428
993514794991931393 1525707360
993491913880711170 1525701905
993457121218965505 1525693609
993437050719428609 1525688824
993335851877847042 1525664697
994042581616033792 1525833194
994028752605675521 1525829897
994008805032775682 1525825141
993961312081317888 1525813818
993957974841479173 1525813022
993929501292843008 1525806234
993922443050962944 1525804551
993899125749026816 1525798991
993838923741835264 1525784638
993803725763379200 1525776246
993787290353795072 1525772328
993749440476442624 1525763304
994351397335437312 1525906821
994336752318939136 1525903330
994329384235433987 1525901573
994308408361832449 1525896572
994293029115715584 1525892905
994292343313485825 1525892742
994259140037013504 1525884826
994228583173369856 1525877540
994220974332620800 1525875726
994186385048424449 1525867479
994184552208830465 1525867042
994176764690780160 1525865186
994156056485007361 1525860249
994129757318115328 1525853978
994052587761565698 1525835580
994307677093269510 1525896398
994747182635995136 1526001184
994742161483747328 1525999987
994712791863955456 1525992985
994685657019764736 1525986515
994648139557679104 1525977570
994626187791142912 1525972337
994621725131276288 1525971273
994610836344856576 1525968677
994607516020543490 1525967885
994555379068653568 1525955454
994552601181085703 1525954792
994541489932861441 1525952143
994538628259905536 1525951461
994535660404002816 1525950753
994533982569226240 1525950353
995111387004391424 1526088017
995103295097188352 1526086088
995086909352407040 1526082181
995046038137458691 1526072437
994893231996489730 1526036005
994798827654799361 1526013497
994918760984301568 1526042091
995455762309709824 1526170123
995406974727704578 1526158491
995355406615629825 1526146196
995310704004616192 1526135538
995304415736320000 1526134039
995156415940579328 1526098753
995741307686580224 1526238202
995740296800587776 1526237961
995632189986484225 1526212186
995514970187149312 1526184239
996176443863429120 1526341946
996131876682289152 1526331321
996093706552868866 1526322220
996087912407158784 1526320839
996061342657376259 1526314504
996059436958539776 1526314050
996050940896702464 1526312024
996047992842014722 1526311321
996006165699022848 1526301349
996004494008872960 1526300950
995983390640918534 1526295919
996576338885607424 1526437289
996568586016776193 1526435440
996561121023791109 1526433661
996554505343946754 1526432083
996553494571208704 1526431842
996543183675973632 1526429384
996537384287309829 1526428001
996533318983344129 1526427032
996524352861548545 1526424894
996451272055193601 1526407471
996449412925853696 1526407027
996441019968303104 1526405026
996421709304614912 1526400422
996405925694099458 1526396659
996403020559781893 1526395967
996385833635799040 1526391869
996379726502678531 1526390413
996371670456774656 1526388492
996364103169044480 1526386688
996355459455094784 1526384627
996546246499291136 1526430114
996333174140690432 1526379314
996284078704996352 1526367609
996852705355169792 1526503180
996846587283410944 1526501721
996828163912159232 1526497329
996804571849805825 1526491704
996803403970949128 1526491425
996802822158061568 1526491287
996796880167239682 1526489870
996703087468466176 1526467508
996601690437582848 1526443333
996599704308903937 1526442860
996589312379703297 1526440382
997259293542891520 1526600118
997255968445550592 1526599325
997255623996727297 1526599243
997248558590918657 1526597559
997162679100833794 1526577083
997161337322131460 1526576763
997144332019863552 1526572709
997132970145218561 1526570000
997126446194798593 1526568445
997124900484796416 1526568076
997124146495553536 1526567896
997123036242436098 1526567632
997097716818825216 1526561595
997096412570583040 1526561284
997063280442081280 1526553385
997659746030313472 1526695593
997625084461420545 1526687329
997591631254769664 1526679353
997560617920876544 1526671959
997559571873976320 1526671710
997558926802669568 1526671556
997512382057406464 1526660459
997501543178997761 1526657875
997448006231355397 1526645111
997443974968303616 1526644149
997436663096926209 1526642406
997433445482627072 1526641639
997432983878594560 1526641529
997420073026539520 1526638451
997414728971509760 1526637177
997317901999902721 1526614091
997312140385181698 1526612718
997964190844440576 1526768179
997899002069778433 1526752636
997844832944033792 1526739721
997830996090384391 1526736422
998338098579886082 1526857325
998336164095553536 1526856864
998277483924525057 1526842873
998209264064892933 1526826609
998192878680715268 1526822702
998191971280867333 1526822486
998191945997578240 1526822480
998757098598158336 1526957222
998744944603992064 1526954325
998703574199754752 1526944461
998667989502263296 1526935977
998640727528738816 1526929477
998619638501081089 1526924449
998607689637924864 1526921601
998407627846668289 1526873902
999109130412576768 1527041153
999067238316560384 1527031166
999064649072021505 1527030548
999000679766085633 1527015297
998898505644171267 1526990937
998885336477523970 1526987797
998797387824058369 1526966828
998999261990834176 1527014959
999464515287822336 1527125884
999453100137213952 1527123162
999442389570859009 1527120609
999438050974490629 1527119574
999414553493598210 1527113972
999409430138642433 1527112750
999408623041294337 1527112558
999397395980017665 1527109881
999362774592577537 1527101627
999355727708868608 1527099947
999355438603874327 1527099878
999343013267673088 1527096915
999341495890206721 1527096554
999330416732573697 1527093912
999322065202229248 1527091921
999321200374566912 1527091715
999313730423881728 1527089934
999304950382555139 1527087841
999133066881847297 1527046860
999430464560680961 1527117765
999825208235167744 1527211880
999821763306541057 1527211058
999817016654598145 1527209927
999792200744689664 1527204010
999789553685757953 1527203379
999784865410273280 1527202261
999784439960961025 1527202160
999776990310813697 1527200384
999753976118640640 1527194897
999742258420252672 1527192103
999727956862930944 1527188693
999727397451780099 1527188560
999725180460167168 1527188031
999698376882098176 1527181641
999696612585852928 1527181220
999677509477261313 1527176666
999671841601081345 1527175314
999648184342376448 1527169674
999632429668356096 1527165918
999621294042832896 1527163263
999611542675931136 1527160938
999582871986765825 1527154102
999498593403834368 1527134009
1000167874881826816 1527293578
1000127887075356673 1527284044
1000120558737154049 1527282297
1000034490687909893 1527261776
1000028199982632962 1527260277
1000008556136075264 1527255593
999981468251295749 1527249135
1000562450599677957 1527387652
1000538165948665857 1527381862
1000537875275042816 1527381793
1000507461504204802 1527374542
1000478432197775360 1527367620
1000469739917971456 1527365548
1000464655553388544 1527364336
1000436069567954946 1527357520
1000428383652659200 1527355688
1000425857767403520 1527355086
1000396055027113985 1527347980
1000218241036414976 1527305586
1000542415353253888 1527382875
1000918725879648256 1527472595
1000873693525037057 1527461858
1000821367577743360 1527449383
1000816829063946240 1527448300
1000800183251238916 1527444332
1000783567683760130 1527440370
1000783245183737856 1527440293
1000782949938286593 1527440223
1000774050740830208 1527438101
1000773892074557442 1527438064
1000766010079801345 1527436184
1000764967568670720 1527435936
1000762599510814720 1527435371
1000761123115847681 1527435019
1000733589384900608 1527428455
1000722083058475008 1527425711
1000717876913999872 1527424708
1000710864297750528 1527423037
1000709218985500672 1527422644
1000698201190682624 1527420017
1000906306130272257 1527469633
1000882152492425217 1527463875
1000806658749140993 1527445876
1000801891834527751 1527444739
1000793803501039618 1527442811
1000763566050377728 1527435602
1000759185339011073 1527434557
1000756067675099136 1527433814
1000747444064399360 1527431758
1000746107071291395 1527431439
1000732678423969793 1527428237
1000710224041381890 1527422884
1000707860131610625 1527422320
1000692652462034944 1527418694
1000692106468515840 1527418564
1000691411325513728 1527418399
1001281350144491520 1527559051
1001278905544790016 1527558468
1001277988946763778 1527558250
1001195877451620353 1527538673
1001185407260905473 1527536176
1001183306145325057 1527535675
1001173506074251265 1527533339
1001152554749874176 1527528344
1001150796271181829 1527527924
1001139170667048960 1527525153
1001132261218152451 1527523505
1001130102674153472 1527522991
1001126829766463488 1527522210
1001095596042866689 1527514764
1001063544253710336 1527507122
1001055351364612096 1527505169
1001054003743133696 1527504847
1001049686160150528 1527503818
1000972906623569920 1527485512
1000972166488313856 1527485336
1001232290121502720 1527547354
1001209664590229505 1527541960
1001204817681965057 1527540804
1001185745615425537 1527536257
1001179952811831296 1527534876
1001124979075887105 1527521769
1001638366331441153 1527644170
1001633349654413312 1527642974
1001574199994011648 1527628872
1001528600884105216 1527618000
1001497130735931394 1527610497
1001494338755493889 1527609831
1001479632732946433 1527606325
1001459953343885312 1527601633
1001450915768029184 1527599479
1001409969168797696 1527589716
1001407043121672197 1527589018
1001397135298973696 1527586656
1001310702483668992 1527566049
1001998354849689602 1527729998
1001967634169069574 1527722674
1001923275432308736 1527712098
1001918764793958406 1527711022
1001914677188800512 1527710048
1001879045909438464 1527701553
1001864644112379910 1527698119
1001851424232394752 1527694967
1001849481200132097 1527694504
1001848499506466816 1527694270
1001836165748678656 1527691329
1001768779733524480 1527675263
1001683733181759489 1527654987
1001677463104229379 1527653492
1001673219181563906 1527652480
1001669263030149120 1527651537
1001664265621856259 1527650345
1001819648537563137 1527687391
1002352140407500801 1527814347
1002294091277897734 1527800507
1002269009494986752 1527794527
1002240334091481088 1527787691
1002238966219853824 1527787364
1002223935319166976 1527783781
1002192552957800449 1527776299
1002731417628012544 1527904774
1002604987128713218 1527874631
1002579194549882880 1527868481
1002527267308867584 1527856101
1002415503980326912 1527829454
1003023436053188610 1527974397
1002969504538906624 1527961538
1002950037373177856 1527956897
1002809754614468609 1527923451
1003397562722848770 1528063595
1003306738798485506 1528041941
1003825125169487878 1528165534
1003808159528603648 1528161489
1003729198177976320 1528142663
1003706122275053569 1528137162
1003673422424047616 1528129365
1003631228745146368 1528119306
1003630023482462208 1528119018
1004164265337610240 1528246391
1004147806972645376 1528242468
1004145009749319681 1528241801
1004120064075927554 1528235853
1004111953239986177 1528233919
1004086119611490305 1528227760
1004049915616493568 1528219128
1004002724671840257 1528207877
1003999310021832710 1528207063
1003975164651016193 1528201306
1004552479961440256 1528338949
1004530764116000769 1528333772
1004530556816814080 1528333722
1004522097744449536 1528331705
1004426276956930048 1528308860
1004398017045237760 1528302122
1004366025079615489 1528294495
1004341333958516743 1528288608
1004335870407794688 1528287305
1004305160817074176 1528279984
1004914713631887360 1528425312
1004908343696220161 1528423794
1004865815001387009 1528413654
1004859578541117445 1528412167
1004844501410701312 1528408572
1004844153665150978 1528408489
1004843468504686593 1528408326
1004776133244674049 1528392272
1005239534030938114 1528502756
1005239343533961216 1528502710
1005233996471656449 1528501435
1005214920198238210 1528496887
1005186730759254016 1528490166
1005153979100270593 1528482358
1005059811413807107 1528459906
1005004205986328577 1528446649
1004961493069238272 1528436465
1004930244149694465 1528429015
1005643642353008640 1528599102
1005597325975224321 1528588060
1005517896406183936 1528569122
1005516351925096449 1528568754
1005498572907917313 1528564515
1005472578436325377 1528558318
1005460745243561984 1528555496
1005457216336547841 1528554655
1005450507408871424 1528553055
1005406313269080064 1528542519
1005439123690270720 1528550341
1006002122423504901 1528684571
1005963053786193922 1528675256
1005940300152373248 1528669831
1005896120541868033 1528659298
1005874148349038592 1528654059
1005866076092149760 1528652135
1005839905765974016 1528645895
1005787330572058625 1528633360
1005697054855790592 1528611837
1005685952847761410 1528609190
1005679297401630720 1528607603
1005651531092447233 1528600983
1006346640494653442 1528766710
1006318420743348225 1528759982
1006281126934179840 1528751091
1006186403431157760 1528728507
1006154538741633024 1528720910
1006146028666580993 1528718881
1006708246827151360 1528852924
1006704799994253314 1528852102
1006697723259744262 1528850415
1006673243632275458 1528844579
1006670108075397120 1528843831
1006623659170070528 1528832757
1006596982335471617 1528826396
1006596075279540228 1528826180
1006582829772353543 1528823022
1006420425692155905 1528784302
1006376198447030273 1528773757
1007078608962228225 1528941225
1007000531120869376 1528922610
1006966790726045696 1528914566
1006858723405582336 1528888800
1006837007820165121 1528883623
1007457711502618625 1529031610
1007449751594422278 1529029712
1007445448926384128 1529028687
1007354773216153600 1529007068
1007341194941272064 1529003831
1007328459704750081 1529000794
1007244449611681792 1528980765
1007240974383435776 1528979936
1007249410508689409 1528981947
1007793809856647168 1529111742
1007791472333197312 1529111185
1007770949251366912 1529106292
1007767351411052544 1529105434
1007755594562981889 1529102631
1007719397073543168 1529094001
1007699133640167424 1529089170
1007570831956955137 1529058580
1008107319127834624 1529186489
1008096173020864512 1529183831
1008079039930753024 1529179746
1007973312717381632 1529154539
1008524280173355014 1529285900
1008514402423918592 1529283545
1008464184215048193 1529271572
1008440311272624129 1529265880
1008403726669897728 1529257158
1008388813104865280 1529253602
1008386325932859392 1529253009
1008372188808990720 1529249639
1008813379811729409 1529354827
1008810196645351425 1529354068
1008796178966896643 1529350726
1008739918015877126 1529337312
1009257883614220289 1529460805
1009238734771023872 1529456239
1009223326210953216 1529452566
1009200070556835842 1529447021
1009083380040962048 1529419200
1009039772004823041 1529408803
1009574108542263298 1529536199
1009420101723082753 1529499481
1009405558712086529 1529496013
1009387738016120837 1529491764
1009382766541246464 1529490579
1009278837249671169 1529465800
1009283080450969605 1529466812
1009844320185323522 1529600622
1009750814372630528 1529578329
1009654974534516736 1529555479
1010329353178243072 1529716263
1010300924391231491 1529709485
1010212972935991298 1529688516
1010176384239452160 1529679792
1010171294355218432 1529678579
1010141699904102405 1529671523
1010141215990349824 1529671408
1010140749021810689 1529671296
1010133813320732673 1529669643
1010095079527247874 1529660408
1010129503052533760 1529668615
1010129291353493504 1529668565
1010129229080682496 1529668550
1010129159115468800 1529668533
1010129022095937537 1529668500
1010128082198564864 1529668276
1010615685003825158 1529784530
1010522244077051904 1529762252
1010510197725548544 1529759380
1011437077341396998 1529980365
1011432635808219136 1529979306
1011432245981253633 1529979213
1011191949951492096 1529921922
1011117905067610112 1529904268
1011770530461036545 1530059866
1011766839293239297 1530058986
1011753732202287105 1530055861
1011704128664489985 1530044035
1011701590040997888 1530043430
1011669940015960064 1530035884
1011594465503531008 1530017889
1011553149075718144 1530008039
1012167210461286400 1530154442
1012166381293395969 1530154245
1012085412301627397 1530134940
1012066140871421957 1530130345
1012055878592335872 1530127899
1011981700656762880 1530110213
1011937818489380864 1530099751
1011923487370481666 1530096334
1011898480263122944 1530090372
1012521113673445378 1530238819
1012513871989559296 1530237093
1012510042925551617 1530236180
1012469317244506113 1530226470
1012452906686087169 1530222558
1012449931603398661 1530221848
1012416574123401216 1530213895
1012375333251768321 1530204063
1012371397480415233 1530203124
1012358196978122752 1530199977
1012351578551013377 1530198399
1012323985076441090 1530191820
1012322006761660418 1530191349
1012320147812618240 1530190905
1012291684493922304 1530184119
1012236818115375104 1530171038
1012236574627651584 1530170980
1012866472295784449 1530321159
1012866119621840896 1530321075
1012825385569017856 1530311363
1012812655873191937 1530308328
1012808453646159872 1530307327
1012767618271531013 1530297591
1012762041143189506 1530296261
1012738479527211010 1530290643
1012722530661093378 1530286841
1012720611452473344 1530286383
1012714680140300288 1530284969
1012685313964208129 1530277968
1012533665660891137 1530241812
1012531718950092801 1530241348
1013231186271965190 1530408114
1013191728994701313 1530398707
1013143150431481856 1530387125
1013103869021310984 1530377759
1013085048499826688 1530373272
1012995727797178368 1530351976
1012948744101351429 1530340774
1012906749395980289 1530330762
1013606056940003328 1530497490
1013569730433740800 1530488829
1013544768708775936 1530482878
1013516781561040896 1530476205
1013459315561324544 1530462504
1013456462352396288 1530461824
1013980452347154432 1530586753
1013971027234377733 1530584506
1013947234340212738 1530578833
1013799974411304960 1530543724
1013797412979306501 1530543113
1014314845385187329 1530666478
1014287808868036611 1530660032
1014270481502035970 1530655901
1014267532528836608 1530655198
1014245442396270597 1530649931
1014238548017516544 1530648288
1014236626795581442 1530647830
1014194450875256833 1530637774
1014066121136369664 1530607178
1014318291404443648 1530667300
1014670140942766080 1530751187
1014615980826390528 1530738275
1014592289358958592 1530732626
1014547473375916032 1530721941
1014504575364222976 1530711714
1014482385394716680 1530706423
1014349504462680064 1530674742
1015047458458660869 1530841147
1015016375805448192 1530833736
1015004505530826754 1530830906
1014978706962608130 1530824755
1014898176996921345 1530805555
1014859862906474497 1530796421
1014848566240653312 1530793727
1014838602822504448 1530791352
1014827637666181120 1530788738
1015405104269283329 1530926416
1015379317390499842 1530920268
1015362639806033920 1530916292
1015238335701413888 1530886656
1015222021222031363 1530882766
1015075469140652032 1530847825
1015074397126873088 1530847570
1015758003566465024 1531010554
1015573972451319808 1530966678
1016108194106658822 1531094046
1016084388730286080 1531088370
1016083348173869056 1531088122
1016070351988645888 1531085024
1016051621787205634 1531080558
1016035121579864064 1531076624
1016028221412954112 1531074979
1016013716012306432 1531071521
1016011126264475648 1531070903
1016010351761031169 1531070719
1016010350406373377 1531070718
1016006260091772930 1531069743
1016004043150413825 1531069214
1016003730666385409 1531069140
1016003577406545920 1531069103
1016002304183623680 1531068800
1015990355332861952 1531065951
1015989637351960577 1531065780
1015988621038575617 1531065538
1015988594836729858 1531065531
1016152752077058048 1531104669
1016145355795320832 1531102906
1016127798874918912 1531098720
1016094014997745665 1531090665
1016081417313415168 1531087662
1016066884041674752 1531084197
1016044866785210370 1531078948
1016034221801033728 1531076410
1016018283756126208 1531072610
1016015267573444610 1531071891
1016010647447003137 1531070789
1016006991200882688 1531069917
1016001271529197568 1531068554
1015998956554289153 1531068002
1015997274042830848 1531067601
1015988537559220224 1531065518
1015986413769089024 1531065011
1015985875048632323 1531064883
1015985122515017728 1531064703
1015982335748173824 1531064039
1015982076506624000 1531063977
1015982027450011651 1531063966
1015981530064281601 1531063847
1015980811110305793 1531063676
1015980561050034176 1531063616
1015979689834434562 1531063408
1015978284977451008 1531063073
1015977362578722816 1531062853
1015969161804222464 1531060898
1015962883694489601 1531059401
1015810218729537536 1531023003
1016507175404007425 1531189171
1016499442206244864 1531187327
1016482562766704641 1531183302
1016404068431028225 1531164588
1016391585821528066 1531161612
1016387488330534912 1531160635
1016371742170853376 1531156881
1016361326174769152 1531154397
1016341081796079616 1531149571
1016336291594719232 1531148429
1016327210054152193 1531146263
1016301974621483009 1531140247
1016300360426754050 1531139862
1016288412398211074 1531137013
1016287045491331073 1531136688
1016286073218125825 1531136456
1016283362141622273 1531135809
1016271960890920960 1531133091
1016271097690550272 1531132885
1016218904786546688 1531120441
1016465648577376256 1531179270
1016464361756426240 1531178963
1016419238704279552 1531168205
1016417606381768704 1531167816
1016416286568599552 1531167501
1016374887374614561 1531157631
1016371266855538689 1531156767
1016370750721265670 1531156644
1016367102553481217 1531155775
1016353925933518850 1531152633
1016353570013237249 1531152548
1016350587720536066 1531151837
1016346749127069696 1531150922
1016340594573086720 1531149455
1016339411364143104 1531149172
1016261626243244032 1531130627
1016252619734601733 1531128480
1016181762253381632 1531111586
1016161512447270912 1531106758
1016160204323508224 1531106446
1016870130641461248 1531275706
1016847954232168448 1531270419
1016834303123230721 1531267164
1016826996113006592 1531265422
1016825843316871170 1531265147
1016820712605143040 1531263924
1016813445998620678 1531262191
1016802416518451200 1531259562
1016788738503036929 1531256300
1016786385464889344 1531255739
1016785537447989248 1531255537
1016754367205117953 1531248106
1016753503316955142 1531247900
1016734393879154690 1531243344
1016693622400577536 1531233623
1016606100257419264 1531212756
1016822806246514688 1531264423
1017232854777061378 1531362186
1017219418739429376 1531358983
1017159564293177346 1531344712
1017153585396830210 1531343287
1017153111553650688 1531343174
1017140355177820162 1531340132
1017139327917350914 1531339887
1017119776374738946 1531335226
1017101286041366528 1531330818
1017087157532614658 1531327449
1017080869968805896 1531325950
1017067926984318976 1531322864
1017064773941415936 1531322112
1017028921399894016 1531313565
1017025196144971779 1531312676
1017024537265954817 1531312519
1017015429775155200 1531310348
1017014408105558016 1531310104
1016964164647030785 1531298125
1016887898644369409 1531279942
1017592922076864512 1531448033
1017563811438563328 1531441092
1017535370605588483 1531434311
1017533675578290185 1531433907
1017514966956552193 1531429447
1017508850650447874 1531427989
1017468404930961408 1531418346
1017463693632786433 1531417222
1017454018275225605 1531414915
1017453283227656192 1531414740
1017442336484265984 1531412130
1017437228954513408 1531410913
1017428131387502593 1531408744
1017405608658518018 1531403374
1017393710215188480 1531400537
1017379288012808192 1531397098
1017349522987585536 1531390002
1017282887740198912 1531374115
1017255377795256320 1531367556
1017243006225780737 1531364606
1017382673671688192 1531397906
1017942662467506177 1531531417
1017912935451103234 1531524330
1017911062321160195 1531523883
1017898282062893056 1531520836
1017897190822473728 1531520576
1017889118951534592 1531518652
1017883746182279168 1531517371
1017875957871411200 1531515514
1017864598526062592 1531512805
1017827219538837504 1531503894
1017825239307292679 1531503421
1017814568201056262 1531500877
1017795335006179329 1531496292
1017789280587014145 1531494848
1017776280924819457 1531491749
1017773274770657281 1531491032
1017772878207610881 1531490938
1017770912983273472 1531490469
1017758727120748544 1531487564
1017719953410154498 1531478319
1017920072394903552 1531526031
1017919237552254981 1531525832
1017769770702311425 1531490197
1017706248555433984 1531475052
1017702153450917890 1531474076
1017615338249351168 1531453377
1018310822051876864 1531619193
1018254513751445504 1531605768
1018208755824119808 1531594859
1018199957445271554 1531592761
1018191461957947392 1531590736
1018159906984251393 1531583212
1018153729114169350 1531581740
1018151913311883266 1531581307
1018148389576499201 1531580467
1018138782871228416 1531578176
1018129227420332032 1531575898
1018122829093658624 1531574372
1018114255080615936 1531572328
1018028413821562880 1531551862
1018537545767047168 1531673249
1018536376420241409 1531672970
1018479846819852289 1531659492
1018458911081451521 1531654501
1018428260781383680 1531647193
1018341247184928770 1531626447
1019018720851750912 1531787970
1019008141915193344 1531785447
1019002363309371392 1531784070
1018979074465828865 1531778517
1018909153128001537 1531761847
1018869300466155521 1531752345
1018861006536101889 1531750368
1018851983241961472 1531748216
1018851961305817088 1531748211
1019391763457499137 1531876910
1019384080901779456 1531875078
1019356382167003142 1531868474
1019348750878339078 1531866655
1019337998880641030 1531864091
1019319125632606209 1531859592
1019315208660180992 1531858658
1019282042079580160 1531850750
1019278605682184193 1531849931
1019269006002393095 1531847642
1019235909940625409 1531839752
1019159349355253760 1531821498
1019071320888365057 1531800510
1019740664907685888 1531960095
1019734916328763392 1531958724
1019715067644870659 1531953992
1019695996803190786 1531949445
1019695727998636033 1531949381
1019693266441244672 1531948794
1019692590260801536 1531948633
1019633822734876672 1531934621
1019610963002216454 1531929171
1019608238290014209 1531928522
1019591501570084864 1531924531
1019590251344482304 1531924233
1019565704528453637 1531918381
1019529771519275008 1531909814
1020112620274311169 1532048776
1020112105138253824 1532048653
1020109468787531776 1532048024
1020094226388963328 1532044390
1020087386385059841 1532042759
1020080914175610881 1532041216
1020039480215056384 1532031338
1020036194762190848 1532030554
1020028644977266689 1532028754
1019973453095546880 1532015596
1019970810025476096 1532014965
1019934973237874689 1532006421
1019928439988551681 1532004864
1019806229110157315 1531975726
1020487774430953472 1532138219
1020458452995493888 1532131229
1020434697640464384 1532125565
1020425842835456007 1532123454
1020372061821251586 1532110631
1020336761594052608 1532102215
1020269365902618625 1532086147
1020261592020209665 1532084293
1020197771528335361 1532069077
1020821876224987136 1532217875
1020769798999994374 1532205459
1020722396507123712 1532194158
1020717824602492928 1532193068
1020641455830945792 1532174860
1020637156048605185 1532173835
1020590847140802561 1532162794
1020987731344789504 1532257418
1020984942896078853 1532256754
1020925753515487237 1532242642
1020867195549626368 1532228680
1021565821250936832 1532395246
1021558036433915904 1532393390
1021541628593561603 1532389478
1021515571471556609 1532383265
1021512053662601216 1532382427
1021503194285977606 1532380314
1021414550908923905 1532359180
1021412692324757504 1532358737
1021397511590895616 1532355118
1021394229329891328 1532354335
1021902660767756289 1532475555
1021900850791366656 1532475123
1021898373366988800 1532474532
1021854461961150464 1532464063
1021839401578573824 1532460472
1021742237607186433 1532437307
1021722070084857856 1532432498
1022232155429240848 1532554112
1022228608541229077 1532553267
1022222352791334918 1532551775
1022205458667454464 1532547747
1022187108306497536 1532543372
1022178346942296065 1532541283
1022172746686640129 1532539948
1022150075173281792 1532534543
1022116250569334787 1532526478
1022101384114696193 1532522934
1022094395045302273 1532521268
1022090540643430402 1532520349
1022071402424397825 1532515786
1022061917886717952 1532513524
1021993587997847558 1532497233
1021987650931228672 1532495818
1022603720805310465 1532642700
1022568463548727296 1532634294
1022559361900716032 1532632124
1022558943682420736 1532632025
1022532900875653120 1532625815
1022515921779388416 1532621767
1022508479687389184 1532619993
1022497405474885632 1532617353
1022467193848639495 1532610150
1022444955590123520 1532604848
1022422834180771840 1532599574
1022327042975715334 1532576735
1022320036235694080 1532575065
1023037147308285952 1532746037
1023028947548823553 1532744082
1023009358978973696 1532739412
1023000953958682624 1532737408
1023000737981362176 1532737357
1022917691496194048 1532717557
1022844225371693056 1532700041
1022820494138126337 1532694383
1022799604222513152 1532689403
1023401951478902784 1532833013
1023388486370557952 1532829803
1023381202496106497 1532828066
1023369702708535296 1532825325
1023351385834876929 1532820957
1023350424953344000 1532820728
1023343111710203904 1532818985
1023336090583875585 1532817311
1023330635723747328 1532816010
1023328000304140289 1532815382
1023326103216238592 1532814930
1023318693747544066 1532813163
1023310635642368000 1532811242
1023306575585394688 1532810274
1023285357054451716 1532805215
1023276215174660096 1532803035
1023273884945133568 1532802480
1023222472215326720 1532790222
1023194733550690305 1532783609
1023065533133058048 1532752805
1023764209224622080 1532919382
1023739097767178240 1532913395
1023735497112383488 1532912537
1023696642233561089 1532903273
1023663948896366595 1532895478
1023646093576429570 1532891221
1023645400434008064 1532891056
1023637218412384256 1532889105
1023633714570510336 1532888270
1023620934996029440 1532885223
1023618678540120065 1532884685
1023604903372095493 1532881401
1023585306669342727 1532876729
1023584488968908804 1532876534
1023559122522988544 1532870486
1023552101018992642 1532868812
1023551152359653376 1532868586
1023541491858370560 1532866282
1023509326487584768 1532858613
1023443150738784257 1532842836
1023596478735020034 1532879392
1023559948167458816 1532870683
1023543405375352832 1532866739
1023419088046104578 1532837099
1023559719376625664 1532870628
1023920110833025025 1532956552
1023847141226307584 1532939155
1023817442882011136 1532932074
1023764209224622080 1532919382
1023739097767178240 1532913395
1023735497112383488 1532912537
1023696642233561089 1532903273
1023663948896366595 1532895478
1023646093576429570 1532891221
1023645400434008064 1532891056
1023637218412384256 1532889105
1023633714570510336 1532888270
1023620934996029440 1532885223
1023618678540120065 1532884685
1023604903372095493 1532881401
1023596478735020034 1532879392
1023585306669342727 1532876729
1023584488968908804 1532876534
1023559948167458816 1532870683
1023559801471676417 1532870648
