1023725236460642308 1532910090
1023718149479383040 1532908401
1023708789546070016 1532906169
1023694714481061888 1532902813
1023693407590526976 1532902502
1023674608216621057 1532898020
1023661646563221504 1532894929
1023661608705421313 1532894920
1023657020585590790 1532893826
1023630701575503872 1532887552
1023624489689640961 1532886071
1023622226111856641 1532885531
1023613929463992320 1532883553
1023597136670273536 1532879549
1023591512918114305 1532878208
1023553094330802177 1532869049
1023550143017242625 1532868345
1023549181498220545 1532868116
1023545323917070336 1532867196
1023544402076151808 1532866976
1023739171263983616 1532913413
1023728925313257473 1532910970
1023724271330361344 1532909860
1023723128004993026 1532909588
1023721202114850816 1532909129
1023716002650046464 1532907889
1023703025360224258 1532904795
1023700600981266434 1532904217
1023687312209838080 1532901049
1023679279152988164 1532899133
1023663595178151937 1532895394
1023643749015072769 1532890662
1023626443065122817 1532886536
1023623621045100544 1532885863
1023610912228499462 1532882833
1023517083563446272 1532860463
1023463458321383424 1532847678
