1002543684813025280 1527860015
1002356126581653504 1527815298
1002517226195488768 1527853707
1002495035655499776 1527848416
1002534609626783744 1527857851
1002696962515390469 1527896559
1002683324765175808 1527893308
1002670220836732930 1527890184
1002669782620045318 1527890079
1002663863966425089 1527888668
1002649642331406336 1527885277
1002635182061576192 1527881830
1002613818256773120 1527876736
1002603453372395520 1527874265
1002602652935573504 1527874074
1002581542781308928 1527869041
1002581068963295234 1527868928
1002573111420702720 1527867031
1002559874696404992 1527863875
1002554945126785031 1527862700
1002686412431548416 1527894044
1002684321134718980 1527893545
1002683298664116225 1527893302
1002667050244952070 1527889428
1002662921892171776 1527888443
1002636198307926016 1527882072
1002603185360556033 1527874201
1002581159870697472 1527868950
1002566787408515072 1527865523
1002543476473360384 1527859965
1002543268675104774 1527859916
1002499028796485632 1527849368
1002498105537949696 1527849148
1002498103801532416 1527849148
1002439740707213312 1527835233
1002415097791250432 1527829357
1002382083132723206 1527821486
1002375985638051842 1527820032
1002373136950726657 1527819353
1002344080821706752 1527812426
1002344066011549702 1527812422
1002343809433456640 1527812361
1002343643632537606 1527812321
1002343631376781312 1527812319
1002343361817337856 1527812254
1002343012511383552 1527812171
1002342986083119104 1527812165
1002342361563893760 1527812016
1002342300423467008 1527812001
1002342200557146112 1527811977
1002342165098442754 1527811969
1002341964610666496 1527811921
1002341792279334912 1527811880
1002340890109759488 1527811665
1002340666901520388 1527811612
1002340343998828546 1527811535
1002339990309867520 1527811450
1002339494266376192 1527811332
1002961493023961088 1527959628
1002968653657190400 1527961335
1003012288390017025 1527971739
1002902145530777600 1527945479
1002768866374770688 1527913702
1003059509575802881 1527982997
1003054895333855232 1527981897
1003018420059713536 1527973201
1003012229061660673 1527971725
1002990579926667265 1527966563
1002923515715162112 1527950574
1002914812307869699 1527948499
1002914573253476352 1527948442
1002902500733804544 1527945563
1002897621642567680 1527944400
1002897118183469056 1527944280
1002868003971764225 1527937339
1002848153605951488 1527932606
1002830147295371265 1527928313
1002773711815143425 1527914858
1003039878748295168 1527978317
1002956138760024071 1527958352
1002934465243570176 1527953184
1002911883442229248 1527947800
1002909419749945344 1527947213
1002900698248433665 1527945134
1002898160690360321 1527944529
1002891855808335872 1527943025
1002789614648791041 1527918649
1002760685128966145 1527911752
1002756670945157121 1527910795
1002744899014483968 1527907988
1002738315794231296 1527906419
1002726041310449664 1527903492
1002722479155097600 1527902643
1002710096550486016 1527899691
1002707608262889477 1527899097
1002707260060168192 1527899014
1002703315107500033 1527898074
1002702936336629760 1527897983
1002702832846417921 1527897959
1002702760834412544 1527897942
1002702082959446021 1527897780
1002702081306890240 1527897780
1002701907683659776 1527897738
1002701880324222977 1527897732
1002701376391188485 1527897612
1003096955881492480 1527991925
1003283152838823937 1528036318
1003245715580170241 1528027392
1003224593325314048 1528022356
1003112621908942848 1527995660
1003378125156356098 1528058961
1003085452407173120 1527989182
1003408388603211776 1528066176
1003073241911578625 1527986271
1003424817247375360 1528070093
1003420389152829442 1528069038
1003419924856037376 1528068927
1003415426389434373 1528067854
1003405993122856960 1528065605
1003400720819851265 1528064348
1003390213325033477 1528061843
1003389540822929408 1528061683
1003380087654436866 1528059429
1003376246573731841 1528058513
1003370846562541570 1528057226
1003371414676701185 1528057361
1003361477909237761 1528054992
1003347139500695564 1528051574
1003344397377982464 1528050920
1003338696425385984 1528049561
1003332153441247232 1528048001
1003325595999195137 1528046437
1003304456824516611 1528041397
1003301719135215618 1528040744
1003297352923443200 1528039703
1003280665436094465 1528035725
1003274096099168256 1528034159
1003273737259638784 1528034073
1003247392966225926 1528027792
1003149057563471874 1528004347
1003130277697413120 1527999870
1003097872596955136 1527992144
1003064425828573186 1527984169
1003063861480689670 1527984035
1003779198115250181 1528154584
1003739604921536513 1528145145
1003723029866786816 1528141193
1003428496511782915 1528070971
1003785336571547648 1528156048
1003715466311892994 1528139389
1003640255348707333 1528121458
1003570268890165249 1528104772
1003777362146799617 1528154147
1003757105965338624 1528149317
1003743197342904321 1528146001
1003743195304419328 1528146001
1003732546809712642 1528143462
1003723199895494657 1528141233
1003717864417882114 1528139961
1003710197867667456 1528138133
1003699789551357952 1528135652
1003697990752788481 1528135223
1003686105403871232 1528132389
1003685609188323329 1528132271
1003773477797748736 1528153220
1003759821311631361 1528149965
1003700782510825472 1528135889
1003672591947747329 1528129167
1003655866942279680 1528125180
1003650731671465984 1528123956
1003649364676501505 1528123630
1003644177522061312 1528122393
1003643892162547712 1528122325
1003641977831870470 1528121868
1003637401611329537 1528120777
1003475398670340096 1528082153
1003469278744543232 1528080694
1003465700604825606 1528079841
1003447660542644225 1528075540
1003445985144721408 1528075140
1003429312454971393 1528071165
1003426929473712128 1528070597
1003426224876728320 1528070429
1003779198115250181 1528154584
1003739604921536513 1528145145
1003723029866786816 1528141193
1003428496511782915 1528070971
1003785336571547648 1528156048
1003715466311892994 1528139389
1003640255348707333 1528121458
1003570268890165249 1528104772
1003777362146799617 1528154147
1003757105965338624 1528149317
1003743197342904321 1528146001
1003743195304419328 1528146001
1003732546809712642 1528143462
1003723199895494657 1528141233
1003717864417882114 1528139961
1003710197867667456 1528138133
1003699789551357952 1528135652
1003697990752788481 1528135223
1003686105403871232 1528132389
1003685609188323329 1528132271
